158
3
0.000000 30.000000 
0.000000 630.000000 
223.472887 630.000000 
2
22.936745 30.000000 
0.000000 30.000000 
4
24.247200 78.813900 
21.566000 60.780600 
37.558400 62.462700 
24.247200 78.813900 
4
24.247200 118.813900 
21.566000 100.780600 
37.558400 102.462700 
24.247200 118.813900 
4
24.247200 158.813900 
21.566000 140.780600 
37.558400 142.462700 
24.247200 158.813900 
4
24.247200 198.813900 
21.566000 180.780600 
37.558400 182.462700 
24.247200 198.813900 
4
24.247200 238.813900 
21.566000 220.780600 
37.558400 222.462700 
24.247200 238.813900 
4
24.247200 278.813900 
21.566000 260.780600 
37.558400 262.462700 
24.247200 278.813900 
4
24.247200 318.813900 
21.566000 300.780600 
37.558400 302.462700 
24.247200 318.813900 
4
24.247200 358.813900 
21.566000 340.780600 
37.558400 342.462700 
24.247200 358.813900 
4
24.247200 398.813900 
21.566000 380.780600 
37.558400 382.462700 
24.247200 398.813900 
4
24.247200 438.813900 
21.566000 420.780600 
37.558400 422.462700 
24.247200 438.813900 
4
24.247200 478.813900 
21.566000 460.780600 
37.558400 462.462700 
24.247200 478.813900 
4
24.247200 518.813900 
21.566000 500.780600 
37.558400 502.462700 
24.247200 518.813900 
4
24.247200 558.813900 
21.566000 540.780600 
37.558400 542.462700 
24.247200 558.813900 
4
24.247200 598.813900 
21.566000 580.780600 
37.558400 582.462700 
24.247200 598.813900 
2
24.247200 38.813900 
22.936745 30.000000 
2
31.422428 30.000000 
24.247200 38.813900 
2
61.854529 30.000000 
31.422428 30.000000 
4
64.247200 86.092700 
61.566000 68.059400 
77.558400 69.741500 
64.247200 86.092700 
4
64.247200 126.092700 
61.566000 108.059400 
77.558400 109.741500 
64.247200 126.092700 
4
64.247200 166.092700 
61.566000 148.059400 
77.558400 149.741500 
64.247200 166.092700 
4
64.247200 206.092700 
61.566000 188.059400 
77.558400 189.741500 
64.247200 206.092700 
4
64.247200 246.092700 
61.566000 228.059400 
77.558400 229.741500 
64.247200 246.092700 
4
64.247200 286.092700 
61.566000 268.059400 
77.558400 269.741500 
64.247200 286.092700 
4
64.247200 326.092700 
61.566000 308.059400 
77.558400 309.741500 
64.247200 326.092700 
4
64.247200 366.092700 
61.566000 348.059400 
77.558400 349.741500 
64.247200 366.092700 
4
64.247200 406.092700 
61.566000 388.059400 
77.558400 389.741500 
64.247200 406.092700 
4
64.247200 446.092700 
61.566000 428.059400 
77.558400 429.741500 
64.247200 446.092700 
4
64.247200 486.092700 
61.566000 468.059400 
77.558400 469.741500 
64.247200 486.092700 
4
64.247200 526.092700 
61.566000 508.059400 
77.558400 509.741500 
64.247200 526.092700 
4
64.247200 566.092700 
61.566000 548.059400 
77.558400 549.741500 
64.247200 566.092700 
4
64.247200 606.092700 
61.566000 588.059400 
77.558400 589.741500 
64.247200 606.092700 
2
64.247200 46.092700 
61.854529 30.000000 
2
77.347960 30.000000 
64.247200 46.092700 
2
262.390671 30.000000 
77.347960 30.000000 
4
104.247200 53.371500 
101.566000 35.338200 
117.558400 37.020300 
104.247200 53.371500 
4
104.247200 93.371500 
101.566000 75.338200 
117.558400 77.020300 
104.247200 93.371500 
4
104.247200 133.371500 
101.566000 115.338200 
117.558400 117.020300 
104.247200 133.371500 
4
104.247200 173.371500 
101.566000 155.338200 
117.558400 157.020300 
104.247200 173.371500 
4
104.247200 213.371500 
101.566000 195.338200 
117.558400 197.020300 
104.247200 213.371500 
4
104.247200 253.371500 
101.566000 235.338200 
117.558400 237.020300 
104.247200 253.371500 
4
104.247200 293.371500 
101.566000 275.338200 
117.558400 277.020300 
104.247200 293.371500 
4
104.247200 333.371500 
101.566000 315.338200 
117.558400 317.020300 
104.247200 333.371500 
4
104.247200 373.371500 
101.566000 355.338200 
117.558400 357.020300 
104.247200 373.371500 
4
104.247200 413.371500 
101.566000 395.338200 
117.558400 397.020300 
104.247200 413.371500 
4
104.247200 453.371500 
101.566000 435.338200 
117.558400 437.020300 
104.247200 453.371500 
4
104.247200 493.371500 
101.566000 475.338200 
117.558400 477.020300 
104.247200 493.371500 
4
104.247200 533.371500 
101.566000 515.338200 
117.558400 517.020300 
104.247200 533.371500 
4
104.247200 573.371500 
101.566000 555.338200 
117.558400 557.020300 
104.247200 573.371500 
4
104.247200 613.371500 
101.566000 595.338200 
117.558400 597.020300 
104.247200 613.371500 
4
144.247200 60.650300 
141.566000 42.617000 
157.558400 44.299100 
144.247200 60.650300 
4
144.247200 100.650300 
141.566000 82.617000 
157.558400 84.299100 
144.247200 100.650300 
4
144.247200 140.650300 
141.566000 122.617000 
157.558400 124.299100 
144.247200 140.650300 
4
144.247200 180.650300 
141.566000 162.617000 
157.558400 164.299100 
144.247200 180.650300 
4
144.247200 220.650300 
141.566000 202.617000 
157.558400 204.299100 
144.247200 220.650300 
4
144.247200 260.650300 
141.566000 242.617000 
157.558400 244.299100 
144.247200 260.650300 
4
144.247200 300.650300 
141.566000 282.617000 
157.558400 284.299100 
144.247200 300.650300 
4
144.247200 340.650300 
141.566000 322.617000 
157.558400 324.299100 
144.247200 340.650300 
4
144.247200 380.650300 
141.566000 362.617000 
157.558400 364.299100 
144.247200 380.650300 
4
144.247200 420.650300 
141.566000 402.617000 
157.558400 404.299100 
144.247200 420.650300 
4
144.247200 460.650300 
141.566000 442.617000 
157.558400 444.299100 
144.247200 460.650300 
4
144.247200 500.650300 
141.566000 482.617000 
157.558400 484.299100 
144.247200 500.650300 
4
144.247200 540.650300 
141.566000 522.617000 
157.558400 524.299100 
144.247200 540.650300 
4
144.247200 580.650300 
141.566000 562.617000 
157.558400 564.299100 
144.247200 580.650300 
4
144.247200 620.650300 
141.566000 602.617000 
157.558400 604.299100 
144.247200 620.650300 
4
184.247200 67.929100 
181.566000 49.895800 
197.558400 51.577900 
184.247200 67.929100 
4
184.247200 107.929100 
181.566000 89.895800 
197.558400 91.577900 
184.247200 107.929100 
4
184.247200 147.929100 
181.566000 129.895800 
197.558400 131.577900 
184.247200 147.929100 
4
184.247200 187.929100 
181.566000 169.895800 
197.558400 171.577900 
184.247200 187.929100 
4
184.247200 227.929100 
181.566000 209.895800 
197.558400 211.577900 
184.247200 227.929100 
4
184.247200 267.929100 
181.566000 249.895800 
197.558400 251.577900 
184.247200 267.929100 
4
184.247200 307.929100 
181.566000 289.895800 
197.558400 291.577900 
184.247200 307.929100 
4
184.247200 347.929100 
181.566000 329.895800 
197.558400 331.577900 
184.247200 347.929100 
4
184.247200 387.929100 
181.566000 369.895800 
197.558400 371.577900 
184.247200 387.929100 
4
184.247200 427.929100 
181.566000 409.895800 
197.558400 411.577900 
184.247200 427.929100 
4
184.247200 467.929100 
181.566000 449.895800 
197.558400 451.577900 
184.247200 467.929100 
4
184.247200 507.929100 
181.566000 489.895800 
197.558400 491.577900 
184.247200 507.929100 
4
184.247200 547.929100 
181.566000 529.895800 
197.558400 531.577900 
184.247200 547.929100 
4
184.247200 587.929100 
181.566000 569.895800 
197.558400 571.577900 
184.247200 587.929100 
4
184.247200 627.929100 
181.566000 609.895800 
197.558400 611.577900 
184.247200 627.929100 
4
224.247200 75.207900 
221.566000 57.174600 
237.558400 58.856700 
224.247200 75.207900 
4
224.247200 115.207900 
221.566000 97.174600 
237.558400 98.856700 
224.247200 115.207900 
4
224.247200 155.207900 
221.566000 137.174600 
237.558400 138.856700 
224.247200 155.207900 
4
224.247200 195.207900 
221.566000 177.174600 
237.558400 178.856700 
224.247200 195.207900 
4
224.247200 235.207900 
221.566000 217.174600 
237.558400 218.856700 
224.247200 235.207900 
4
224.247200 275.207900 
221.566000 257.174600 
237.558400 258.856700 
224.247200 275.207900 
4
224.247200 315.207900 
221.566000 297.174600 
237.558400 298.856700 
224.247200 315.207900 
4
224.247200 355.207900 
221.566000 337.174600 
237.558400 338.856700 
224.247200 355.207900 
4
224.247200 395.207900 
221.566000 377.174600 
237.558400 378.856700 
224.247200 395.207900 
4
224.247200 435.207900 
221.566000 417.174600 
237.558400 418.856700 
224.247200 435.207900 
4
224.247200 475.207900 
221.566000 457.174600 
237.558400 458.856700 
224.247200 475.207900 
4
224.247200 515.207900 
221.566000 497.174600 
237.558400 498.856700 
224.247200 515.207900 
4
224.247200 555.207900 
221.566000 537.174600 
237.558400 538.856700 
224.247200 555.207900 
4
224.247200 595.207900 
221.566000 577.174600 
237.558400 578.856700 
224.247200 595.207900 
4
223.472887 630.000000 
221.566000 617.174600 
237.558400 618.856700 
228.486852 630.000000 
4
228.486852 630.000000 
450.000000 630.000000 
450.000000 30.000000 
274.412384 30.000000 
4
264.247200 82.486700 
261.566000 64.453400 
277.558400 66.135500 
264.247200 82.486700 
4
264.247200 122.486700 
261.566000 104.453400 
277.558400 106.135500 
264.247200 122.486700 
4
264.247200 162.486700 
261.566000 144.453400 
277.558400 146.135500 
264.247200 162.486700 
4
264.247200 202.486700 
261.566000 184.453400 
277.558400 186.135500 
264.247200 202.486700 
4
264.247200 242.486700 
261.566000 224.453400 
277.558400 226.135500 
264.247200 242.486700 
4
264.247200 282.486700 
261.566000 264.453400 
277.558400 266.135500 
264.247200 282.486700 
4
264.247200 322.486700 
261.566000 304.453400 
277.558400 306.135500 
264.247200 322.486700 
4
264.247200 362.486700 
261.566000 344.453400 
277.558400 346.135500 
264.247200 362.486700 
4
264.247200 402.486700 
261.566000 384.453400 
277.558400 386.135500 
264.247200 402.486700 
4
264.247200 442.486700 
261.566000 424.453400 
277.558400 426.135500 
264.247200 442.486700 
4
264.247200 482.486700 
261.566000 464.453400 
277.558400 466.135500 
264.247200 482.486700 
4
264.247200 522.486700 
261.566000 504.453400 
277.558400 506.135500 
264.247200 522.486700 
4
264.247200 562.486700 
261.566000 544.453400 
277.558400 546.135500 
264.247200 562.486700 
4
264.247200 602.486700 
261.566000 584.453400 
277.558400 586.135500 
264.247200 602.486700 
2
264.247200 42.486700 
262.390671 30.000000 
2
274.412384 30.000000 
264.247200 42.486700 
4
304.247200 49.765500 
301.566000 31.732200 
317.558400 33.414300 
304.247200 49.765500 
4
304.247200 89.765500 
301.566000 71.732200 
317.558400 73.414300 
304.247200 89.765500 
4
304.247200 129.765500 
301.566000 111.732200 
317.558400 113.414300 
304.247200 129.765500 
4
304.247200 169.765500 
301.566000 151.732200 
317.558400 153.414300 
304.247200 169.765500 
4
304.247200 209.765500 
301.566000 191.732200 
317.558400 193.414300 
304.247200 209.765500 
4
304.247200 249.765500 
301.566000 231.732200 
317.558400 233.414300 
304.247200 249.765500 
4
304.247200 289.765500 
301.566000 271.732200 
317.558400 273.414300 
304.247200 289.765500 
4
304.247200 329.765500 
301.566000 311.732200 
317.558400 313.414300 
304.247200 329.765500 
4
304.247200 369.765500 
301.566000 351.732200 
317.558400 353.414300 
304.247200 369.765500 
4
304.247200 409.765500 
301.566000 391.732200 
317.558400 393.414300 
304.247200 409.765500 
4
304.247200 449.765500 
301.566000 431.732200 
317.558400 433.414300 
304.247200 449.765500 
4
304.247200 489.765500 
301.566000 471.732200 
317.558400 473.414300 
304.247200 489.765500 
4
304.247200 529.765500 
301.566000 511.732200 
317.558400 513.414300 
304.247200 529.765500 
4
304.247200 569.765500 
301.566000 551.732200 
317.558400 553.414300 
304.247200 569.765500 
4
304.247200 609.765500 
301.566000 591.732200 
317.558400 593.414300 
304.247200 609.765500 
4
344.247200 57.044300 
341.566000 39.011000 
357.558400 40.693100 
344.247200 57.044300 
4
344.247200 97.044300 
341.566000 79.011000 
357.558400 80.693100 
344.247200 97.044300 
4
344.247200 137.044300 
341.566000 119.011000 
357.558400 120.693100 
344.247200 137.044300 
4
344.247200 177.044300 
341.566000 159.011000 
357.558400 160.693100 
344.247200 177.044300 
4
344.247200 217.044300 
341.566000 199.011000 
357.558400 200.693100 
344.247200 217.044300 
4
344.247200 257.044300 
341.566000 239.011000 
357.558400 240.693100 
344.247200 257.044300 
4
344.247200 297.044300 
341.566000 279.011000 
357.558400 280.693100 
344.247200 297.044300 
4
344.247200 337.044300 
341.566000 319.011000 
357.558400 320.693100 
344.247200 337.044300 
4
344.247200 377.044300 
341.566000 359.011000 
357.558400 360.693100 
344.247200 377.044300 
4
344.247200 417.044300 
341.566000 399.011000 
357.558400 400.693100 
344.247200 417.044300 
4
344.247200 457.044300 
341.566000 439.011000 
357.558400 440.693100 
344.247200 457.044300 
4
344.247200 497.044300 
341.566000 479.011000 
357.558400 480.693100 
344.247200 497.044300 
4
344.247200 537.044300 
341.566000 519.011000 
357.558400 520.693100 
344.247200 537.044300 
4
344.247200 577.044300 
341.566000 559.011000 
357.558400 560.693100 
344.247200 577.044300 
4
344.247200 617.044300 
341.566000 599.011000 
357.558400 600.693100 
344.247200 617.044300 
4
384.247200 64.323100 
381.566000 46.289800 
397.558400 47.971900 
384.247200 64.323100 
4
384.247200 104.323100 
381.566000 86.289800 
397.558400 87.971900 
384.247200 104.323100 
4
384.247200 144.323100 
381.566000 126.289800 
397.558400 127.971900 
384.247200 144.323100 
4
384.247200 184.323100 
381.566000 166.289800 
397.558400 167.971900 
384.247200 184.323100 
4
384.247200 224.323100 
381.566000 206.289800 
397.558400 207.971900 
384.247200 224.323100 
4
384.247200 264.323100 
381.566000 246.289800 
397.558400 247.971900 
384.247200 264.323100 
4
384.247200 304.323100 
381.566000 286.289800 
397.558400 287.971900 
384.247200 304.323100 
4
384.247200 344.323100 
381.566000 326.289800 
397.558400 327.971900 
384.247200 344.323100 
4
384.247200 384.323100 
381.566000 366.289800 
397.558400 367.971900 
384.247200 384.323100 
4
384.247200 424.323100 
381.566000 406.289800 
397.558400 407.971900 
384.247200 424.323100 
4
384.247200 464.323100 
381.566000 446.289800 
397.558400 447.971900 
384.247200 464.323100 
4
384.247200 504.323100 
381.566000 486.289800 
397.558400 487.971900 
384.247200 504.323100 
4
384.247200 544.323100 
381.566000 526.289800 
397.558400 527.971900 
384.247200 544.323100 
4
384.247200 584.323100 
381.566000 566.289800 
397.558400 567.971900 
384.247200 584.323100 
4
384.247200 624.323100 
381.566000 606.289800 
397.558400 607.971900 
384.247200 624.323100 
